
    11  100   0.0000   0.0000   0.5003  0.02383   9.5213E-03 -5.4176E-03  1.0955E-02  -29.640
    32  101   0.1251   0.0000   0.5003  0.02383  -6.2251E-05  4.1867E-05  7.5020E-05  146.077
    53  102   0.2502   0.0000   0.5003  0.02383  -1.8559E-05  5.5729E-05  5.8738E-05  108.419
    74  103   0.3753   0.0000   0.5003  0.02383   1.7991E-05  4.4456E-05  4.7959E-05   67.967
    95  104   0.5003   0.0000   0.5003  0.02383   3.6217E-05  1.7968E-05  4.0429E-05   26.387
   116  105   0.6254   0.0000   0.5003  0.02383   3.3104E-05 -9.6071E-06  3.4470E-05  -16.183
   137  106   0.7505   0.0000   0.5003  0.02383   1.4693E-05 -2.6062E-05  2.9918E-05  -60.588
   158  107   0.8756   0.0000   0.5003  0.02383  -7.3694E-06 -2.6138E-05  2.7157E-05 -105.745
   179  108   1.0007   0.0000   0.5003  0.02383  -2.1638E-05 -1.3013E-05  2.5249E-05 -148.977
    11  100   0.0000   0.0000   0.5003  0.02383   9.8267E-03 -5.8530E-03  1.1438E-02  -30.779
    32  101   0.1251   0.0000   0.5003  0.02383  -6.0265E-05  4.2276E-05  7.3615E-05  144.951
    53  102   0.2502   0.0000   0.5003  0.02383  -1.5790E-05  5.4643E-05  5.6879E-05  106.117
    74  103   0.3753   0.0000   0.5003  0.02383   1.9762E-05  4.1241E-05  4.5731E-05   64.397
    95  104   0.5003   0.0000   0.5003  0.02383   3.5332E-05  1.3695E-05  3.7893E-05   21.186
   116  105   0.6254   0.0000   0.5003  0.02383   2.9128E-05 -1.2613E-05  3.1742E-05  -23.413
   137  106   0.7505   0.0000   0.5003  0.02383   9.0203E-06 -2.5522E-05  2.7069E-05  -70.535
   158  107   0.8756   0.0000   0.5003  0.02383  -1.1965E-05 -2.1308E-05  2.4438E-05 -119.315
   179  108   1.0007   0.0000   0.5003  0.02383  -2.2429E-05 -5.4711E-06  2.3086E-05 -166.291
    11  100   0.0000   0.0000   0.5003  0.02383   9.6394E-03 -5.6039E-03  1.1150E-02  -30.172
    32  101   0.1251   0.0000   0.5003  0.02383  -6.1421E-05  4.2008E-05  7.4413E-05  145.631
    53  102   0.2502   0.0000   0.5003  0.02383  -1.7459E-05  5.5276E-05  5.7968E-05  107.528
    74  103   0.3753   0.0000   0.5003  0.02383   1.8634E-05  4.3231E-05  4.7076E-05   66.683
    95  104   0.5003   0.0000   0.5003  0.02383   3.5838E-05  1.6460E-05  3.9438E-05   24.668
   116  105   0.6254   0.0000   0.5003  0.02383   3.1704E-05 -1.0542E-05  3.3410E-05  -18.392
   137  106   0.7505   0.0000   0.5003  0.02383   1.2918E-05 -2.5762E-05  2.8819E-05  -63.370
   158  107   0.8756   0.0000   0.5003  0.02383  -8.5715E-06 -2.4606E-05  2.6056E-05 -109.206
   179  108   1.0007   0.0000   0.5003  0.02383  -2.1599E-05 -1.0967E-05  2.4223E-05 -153.081