    11  100   0.0000   0.0000   0.4003  0.02383   9.5213E-03 -5.4176E-03  1.0955E-02  -29.640
    32  101   0.1251   0.0000   0.4003  0.02383  -6.2251E-05  4.1867E-05  7.5020E-05  146.077
    53  102   0.2502   0.0000   0.4003  0.02383  -1.8559E-05  5.5729E-05  5.8738E-05  108.419
    74  103   0.3753   0.0000   0.4003  0.02383   1.7991E-05  4.4456E-05  4.7959E-05   67.967
    95  104   0.5003   0.0000   0.4003  0.02383   3.6217E-05  1.7968E-05  4.0429E-05   26.387
   116  105   0.6254   0.0000   0.4003  0.02383   3.3104E-05 -9.6071E-06  3.4470E-05  -16.183
   137  106   0.7505   0.0000   0.4003  0.02383   1.4693E-05 -2.6062E-05  2.9918E-05  -60.588
   158  107   0.8756   0.0000   0.4003  0.02383  -7.3694E-06 -2.6138E-05  2.7157E-05 -105.745
   179  108   1.0007   0.0000   0.4003  0.02383  -2.1638E-05 -1.3013E-05  2.5249E-05 -148.977
    11  100   0.0000   0.0000   0.4003  0.02383   1.0358E-02 -5.0212E-03  1.1511E-02  -25.863
    32  101   0.1251   0.0000   0.4003  0.02383  -6.2277E-05  4.5047E-05  7.6861E-05  144.121
    53  102   0.2502   0.0000   0.4003  0.02383  -1.5935E-05  5.8786E-05  6.0907E-05  105.166
    74  103   0.3753   0.0000   0.4003  0.02383   2.2777E-05  4.4280E-05  4.9795E-05   62.780
    95  104   0.5003   0.0000   0.4003  0.02383   4.0092E-05  1.3471E-05  4.2294E-05   18.572
   116  105   0.6254   0.0000   0.4003  0.02383   3.2739E-05 -1.6484E-05  3.6655E-05  -26.725
   137  106   0.7505   0.0000   0.4003  0.02383   8.9820E-06 -3.1304E-05  3.2567E-05  -73.990
   158  107   0.8756   0.0000   0.4003  0.02383  -1.6244E-05 -2.6070E-05  3.0717E-05 -121.927
   179  108   1.0007   0.0000   0.4003  0.02383  -2.9235E-05 -6.6949E-06  2.9992E-05 -167.101
    11  100   0.0000   0.0000   0.4003  0.02383   9.8804E-03 -5.2893E-03  1.1207E-02  -28.162
    32  101   0.1251   0.0000   0.4003  0.02383  -6.2131E-05  4.3165E-05  7.5654E-05  145.211
    53  102   0.2502   0.0000   0.4003  0.02383  -1.7464E-05  5.6846E-05  5.9468E-05  107.078
    74  103   0.3753   0.0000   0.4003  0.02383   1.9628E-05  4.4293E-05  4.8447E-05   66.100
    95  104   0.5003   0.0000   0.4003  0.02383   3.7243E-05  1.6459E-05  4.0718E-05   23.842
   116  105   0.6254   0.0000   0.4003  0.02383   3.2704E-05 -1.1497E-05  3.4666E-05  -19.369
   137  106   0.7505   0.0000   0.4003  0.02383   1.3040E-05 -2.7095E-05  3.0069E-05  -64.300
   158  107   0.8756   0.0000   0.4003  0.02383  -9.2780E-06 -2.5688E-05  2.7312E-05 -109.859
   179  108   1.0007   0.0000   0.4003  0.02383  -2.2722E-05 -1.1444E-05  2.5441E-05 -153.269