
    11  100   0.0000   0.0000   0.3002  0.02383   9.5213E-03 -5.4176E-03  1.0955E-02  -29.640
    32  101   0.1251   0.0000   0.3002  0.02383  -6.2251E-05  4.1867E-05  7.5020E-05  146.077
    53  102   0.2502   0.0000   0.3002  0.02383  -1.8559E-05  5.5729E-05  5.8738E-05  108.419
    74  103   0.3753   0.0000   0.3002  0.02383   1.7991E-05  4.4456E-05  4.7959E-05   67.967
    95  104   0.5003   0.0000   0.3002  0.02383   3.6217E-05  1.7968E-05  4.0429E-05   26.387
   116  105   0.6254   0.0000   0.3002  0.02383   3.3104E-05 -9.6071E-06  3.4470E-05  -16.183
   137  106   0.7505   0.0000   0.3002  0.02383   1.4693E-05 -2.6062E-05  2.9918E-05  -60.588
   158  107   0.8756   0.0000   0.3002  0.02383  -7.3694E-06 -2.6138E-05  2.7157E-05 -105.745
   179  108   1.0007   0.0000   0.3002  0.02383  -2.1638E-05 -1.3013E-05  2.5249E-05 -148.977
    11  100   0.0000   0.0000   0.3002  0.02383   8.9789E-03 -3.7106E-03  9.7154E-03  -22.453
    32  101   0.1251   0.0000   0.3002  0.02383  -6.6099E-05  4.3073E-05  7.8895E-05  146.910
    53  102   0.2502   0.0000   0.3002  0.02383  -1.8778E-05  5.9134E-05  6.2044E-05  107.617
    74  103   0.3753   0.0000   0.3002  0.02383   2.2659E-05  4.6094E-05  5.1362E-05   63.821
    95  104   0.5003   0.0000   0.3002  0.02383   4.2471E-05  1.4740E-05  4.4956E-05   19.140
   116  105   0.6254   0.0000   0.3002  0.02383   3.6047E-05 -1.7207E-05  3.9943E-05  -25.517
   137  106   0.7505   0.0000   0.3002  0.02383   1.1257E-05 -3.4193E-05  3.5999E-05  -71.777
   158  107   0.8756   0.0000   0.3002  0.02383  -1.6343E-05 -3.0085E-05  3.4237E-05 -118.513
   179  108   1.0007   0.0000   0.3002  0.02383  -3.1792E-05 -1.0215E-05  3.3393E-05 -162.188
    11  100   0.0000   0.0000   0.3002  0.02383   9.3682E-03 -4.6330E-03  1.0451E-02  -26.315
    32  101   0.1251   0.0000   0.3002  0.02383  -6.3699E-05  4.2561E-05  7.6609E-05  146.251
    53  102   0.2502   0.0000   0.3002  0.02383  -1.8438E-05  5.6785E-05  5.9703E-05  107.988
    74  103   0.3753   0.0000   0.3002  0.02383   1.9252E-05  4.4324E-05  4.8325E-05   66.522
    95  104   0.5003   0.0000   0.3002  0.02383   3.6996E-05  1.6492E-05  4.0505E-05   24.026
   116  105   0.6254   0.0000   0.3002  0.02383   3.2481E-05 -1.1211E-05  3.4361E-05  -19.043
   137  106   0.7505   0.0000   0.3002  0.02383   1.3148E-05 -2.6497E-05  2.9580E-05  -63.610
   158  107   0.8756   0.0000   0.3002  0.02383  -8.5526E-06 -2.5163E-05  2.6577E-05 -108.772
   179  108   1.0007   0.0000   0.3002  0.02383  -2.1535E-05 -1.1572E-05  2.4447E-05 -151.748